total_nodes: 600
total_edges: 460
n: [120, 120, 120, 120, 120]
p: [[0.005, 0.002, 0.002, 0.002, 0.002], [0.002, 0.005, 0.002, 0.002, 0.002], [0.002, 0.002, 0.005, 0.002, 0.002], [0.002, 0.002, 0.002, 0.005, 0.002], [0.002, 0.002, 0.002, 0.002, 0.005]]
total_connected_components: 167
avg_degree: 1.5333333333333334
highest_degree: 6
lowest_degree: 0
avg_clustering_coeff: 0.0
avg_degree_centrality: 0.002559821925431266
avg_closeness_centrality: 0.03882313182524201
avg_betweenness_centrality: 0.00661039487961169
