total_nodes: 600
total_edges: 671
n: [120, 120, 120, 120, 120]
p: [[0.01, 0.002, 0.002, 0.002, 0.002], [0.002, 0.01, 0.002, 0.002, 0.002], [0.002, 0.002, 0.01, 0.002, 0.002], [0.002, 0.002, 0.002, 0.01, 0.002], [0.002, 0.002, 0.002, 0.002, 0.01]]
total_connected_components: 66
avg_degree: 2.236666666666667
highest_degree: 7
lowest_degree: 0
avg_clustering_coeff: 0.002579365079365079
avg_degree_centrality: 0.0037340011129660417
avg_closeness_centrality: 0.10378623094092218
avg_betweenness_centrality: 0.008402260921677344
